C:/Users/thor2/Documents/RMIT/Aerodynamics and Flight Performance/Assignments/Ass 2/737-200 Root Refined.dat
   1.0000000      0.0003000
   0.9893961      0.0019003
   0.9783927      0.0035569
   0.9670813      0.0052510
   0.9555865      0.0069573
   0.9440747      0.0086424
   0.9327655      0.0102625
   0.9219457      0.0117609
   0.9119879      0.0130643
   0.9019144      0.0142521
   0.8920538      0.0153022
   0.8801061      0.0165997
   0.8625994      0.0187177
   0.8349648      0.0224188
   0.8191730      0.0246424
   0.8001195      0.0273778
   0.7779245      0.0306082
   0.7529055      0.0342864
   0.7256724      0.0383203
   0.6972644      0.0425515
   0.6693492      0.0467244
   0.6347519      0.0518998
   0.6009181      0.0568886
   0.5756718      0.0603929
   0.5326410      0.0660326
   0.4871495      0.0714810
   0.4422663      0.0761113
   0.4008475      0.0796845
   0.3637163      0.0825129
   0.3326710      0.0844879
   0.3005066      0.0862823
   0.2717283      0.0877509
   0.2436590      0.0889648
   0.2177112      0.0898474
   0.1966574      0.0904829
   0.1761189      0.0910146
   0.1558420      0.0908036
   0.1364148      0.0898364
   0.1177117      0.0884641
   0.1020923      0.0869603
   0.0847826      0.0843026
   0.0734031      0.0812297
   0.0610763      0.0775799
   0.0477601      0.0721564
   0.0360826      0.0655600
   0.0266365      0.0593861
   0.0171054      0.0525450
   0.0103627      0.0452366
   0.0049573      0.0371185
   0.0015758      0.0285024
   0.0000309      0.0190462
   0.0008961      0.0090262
   0.0038970     -0.0002520
   0.0089236     -0.0074531
   0.0159337     -0.0143067
   0.0260271     -0.0214867
   0.0358955     -0.0272262
   0.0474133     -0.0335510
   0.0597870     -0.0402554
   0.0715614     -0.0456856
   0.0833143     -0.0488578
   0.1004489     -0.0520886
   0.1157776     -0.0550638
   0.1340479     -0.0584127
   0.1532260     -0.0612577
   0.1726921     -0.0627964
   0.1941340     -0.0631943
   0.2174075     -0.0632545
   0.2425648     -0.0632267
   0.2676805     -0.0630728
   0.2969298     -0.0625460
   0.3291844     -0.0617666
   0.3634635     -0.0608390
   0.3989190     -0.0593777
   0.4396015     -0.0571761
   0.4864332     -0.0541219
   0.5286240     -0.0507512
   0.5732444     -0.0463397
   0.6070176     -0.0426238
   0.6318029     -0.0396442
   0.6662184     -0.0352200
   0.6922512     -0.0318845
   0.7195583     -0.0284186
   0.7464584     -0.0250493
   0.7718727     -0.0219202
   0.7951375     -0.0191179
   0.8158749     -0.0166898
   0.8353895     -0.0144932
   0.8602386     -0.0118789
   0.8801752     -0.0099664
   0.8963503     -0.0085589
   0.9096598     -0.0075064
   0.9208019     -0.0066943
   0.9303211     -0.0060357
   0.9386425     -0.0054649
   0.9503010     -0.0046215
   0.9622847     -0.0036793
   0.9729568     -0.0027773
   0.9826386     -0.0019143
   0.9915855     -0.0010891
   1.0000000     -0.0003000
