C:/Users/thor2/Documents/RMIT/Aerodynamics and Flight Performance/Assignments/Ass 2/737-200 33% Span Refined.dat
   1.0000000      0.0004000
   0.9904079      0.0017830
   0.9803952      0.0032252
   0.9699860      0.0047212
   0.9592184      0.0062630
   0.9481485      0.0078395
   0.9368555      0.0094350
   0.9254490      0.0110287
   0.9140777      0.0125924
   0.9029407      0.0140889
   0.8893979      0.0158400
   0.8759097      0.0175001
   0.8614966      0.0192049
   0.8443930      0.0212003
   0.8239416      0.0236173
   0.8071271      0.0256415
   0.7870997      0.0280794
   0.7640116      0.0309125
   0.7382555      0.0340918
   0.7105902      0.0375215
   0.6777385      0.0416063
   0.6436822      0.0458413
   0.6127622      0.0496591
   0.5754855      0.0541044
   0.5397144      0.0581552
   0.4930968      0.0631166
   0.4457709      0.0674742
   0.4054187      0.0706525
   0.3689043      0.0729699
   0.3338268      0.0744881
   0.3020063      0.0754826
   0.2713563      0.0760225
   0.2474092      0.0760975
   0.2241371      0.0759282
   0.2011590      0.0754103
   0.1806860      0.0746373
   0.1603668      0.0734802
   0.1405140      0.0718316
   0.1223059      0.0698191
   0.1072294      0.0677849
   0.0921861      0.0653063
   0.0785497      0.0624451
   0.0681863      0.0600724
   0.0559741      0.0563564
   0.0442329      0.0514231
   0.0331955      0.0461823
   0.0241550      0.0414967
   0.0146513      0.0351303
   0.0090743      0.0292053
   0.0038822      0.0224818
   0.0007987      0.0139565
   0.0004312      0.0044466
   0.0047374     -0.0032797
   0.0121677     -0.0091431
   0.0196915     -0.0133780
   0.0299262     -0.0172859
   0.0412290     -0.0212549
   0.0537402     -0.0252569
   0.0664756     -0.0286511
   0.0766920     -0.0311378
   0.0901718     -0.0340947
   0.1046669     -0.0366819
   0.1197682     -0.0390655
   0.1380729     -0.0416127
   0.1584114     -0.0439522
   0.1793345     -0.0458048
   0.1996160     -0.0472034
   0.2203619     -0.0483615
   0.2439564     -0.0491751
   0.2712923     -0.0496285
   0.3011368     -0.0499395
   0.3315938     -0.0499969
   0.3633134     -0.0494532
   0.4031737     -0.0484418
   0.4443196     -0.0466762
   0.4913320     -0.0438253
   0.5372219     -0.0406106
   0.5755332     -0.0375184
   0.6093902     -0.0345759
   0.6388282     -0.0319634
   0.6764759     -0.0286077
   0.7077088     -0.0258234
   0.7344394     -0.0234412
   0.7603486     -0.0211326
   0.7844972     -0.0189809
   0.8063397     -0.0170348
   0.8255948     -0.0153192
   0.8421566     -0.0138435
   0.8612932     -0.0121382
   0.8818613     -0.0103070
   0.8973073     -0.0089382
   0.9094769     -0.0078698
   0.9197369     -0.0069820
   0.9290928     -0.0061859
   0.9394808     -0.0053166
   0.9502202     -0.0044300
   0.9607989     -0.0035654
   0.9711236     -0.0027275
   0.9811273     -0.0019193
   0.9907631     -0.0011431
   1.0000000     -0.0004000
