C:/Users/thor2/Documents/RMIT/Aerodynamics and Flight Performance/Assignments/Ass 2/737-200 66% Span Refined.dat
   1.0000000      0.0005000
   0.9902415      0.0016886
   0.9802236      0.0029264
   0.9701973      0.0042057
   0.9604966      0.0055157
   0.9515603      0.0068412
   0.9447350      0.0080110
   0.9394749      0.0090290
   0.9330090      0.0102451
   0.9232722      0.0118532
   0.9074526      0.0141147
   0.8817502      0.0173802
   0.8640416      0.0194860
   0.8488703      0.0212401
   0.8311534      0.0232524
   0.8108653      0.0255241
   0.7880842      0.0280451
   0.7630485      0.0307886
   0.7362409      0.0337021
   0.7085119      0.0366949
   0.6812645      0.0396187
   0.6554511      0.0423758
   0.6137122      0.0466870
   0.5909260      0.0485702
   0.5426979      0.0535974
   0.4964698      0.0591843
   0.4507726      0.0607195
   0.4098939      0.0621174
   0.3720880      0.0629150
   0.3372070      0.0628473
   0.3060581      0.0624920
   0.2776546      0.0617758
   0.2518102      0.0606921
   0.2280967      0.0593257
   0.2056261      0.0577527
   0.1861817      0.0561908
   0.1670778      0.0543165
   0.1477601      0.0519567
   0.1291377      0.0492720
   0.1128015      0.0466905
   0.1002662      0.0445831
   0.0860982      0.0418889
   0.0764383      0.0394662
   0.0650654      0.0365977
   0.0524251      0.0330077
   0.0404784      0.0288969
   0.0305836      0.0249067
   0.0226498      0.0212961
   0.0141565      0.0165664
   0.0074053      0.0117170
   0.0017396      0.0054533
   0.0009418     -0.0025844
   0.0083486     -0.0068088
   0.0150027     -0.0087753
   0.0257365     -0.0108780
   0.0359770     -0.0123077
   0.0480325     -0.0138235
   0.0610987     -0.0153239
   0.0736760     -0.0166186
   0.0844195     -0.0176890
   0.0966565     -0.0189750
   0.1125739     -0.0205656
   0.1275386     -0.0219889
   0.1452039     -0.0236231
   0.1641041     -0.0253238
   0.1833478     -0.0269806
   0.2033907     -0.0285840
   0.2257748     -0.0302249
   0.2496621     -0.0318770
   0.2743924     -0.0334940
   0.3039033     -0.0350562
   0.3360353     -0.0363720
   0.3700602     -0.0373766
   0.4067281     -0.0374330
   0.4492471     -0.0366980
   0.4943549     -0.0350586
   0.5413010     -0.0329055
   0.5768019     -0.0310180
   0.6188168     -0.0286574
   0.6576724     -0.0264618
   0.6928054     -0.0244972
   0.7211883     -0.0229487
   0.7410129     -0.0219323
   0.7590392     -0.0210740
   0.7856359     -0.0187837
   0.8018515     -0.0173440
   0.8200203     -0.0157320
   0.8388220     -0.0140663
   0.8573522     -0.0124279
   0.8750038     -0.0108712
   0.8913828     -0.0094313
   0.9062477     -0.0081296
   0.9194655     -0.0069778
   0.9309802     -0.0059806
   0.9475777     -0.0045601
   0.9640720     -0.0031810
   0.9758849     -0.0022287
   0.9844133     -0.0015741
   0.9907450     -0.0011167
   0.9957235     -0.0007787
   1.0000000     -0.0005000
