C:/Users/thor2/Documents/RMIT/Aerodynamics and Flight Performance/Assignments/Ass 2/737-200 Tip Refined.dat
   1.0000000      0.0008000
   0.9913779      0.0019635
   0.9823355      0.0031847
   0.9728402      0.0044689
   0.9628554      0.0058227
   0.9523408      0.0072533
   0.9412510      0.0087693
   0.9295353      0.0103806
   0.9171365      0.0120989
   0.9039897      0.0139380
   0.8900356      0.0159119
   0.8752024      0.0180345
   0.8594256      0.0203169
   0.8426452      0.0227698
   0.8248024      0.0254031
   0.8058429      0.0282257
   0.7857019      0.0312455
   0.7641005      0.0344816
   0.7405177      0.0379642
   0.7142204      0.0417308
   0.6842054      0.0458269
   0.6509391      0.0501333
   0.6175170      0.0542469
   0.5798472      0.0584973
   0.5437563      0.0615751
   0.4973690      0.0647541
   0.4517890      0.0667458
   0.4106980      0.0676553
   0.3733918      0.0679927
   0.3395225      0.0675587
   0.3085691      0.0665072
   0.2802269      0.0655404
   0.2540942      0.0645063
   0.2298791      0.0630535
   0.2075989      0.0612831
   0.1873304      0.0593751
   0.1683837      0.0572838
   0.1498708      0.0548820
   0.1317756      0.0522018
   0.1154554      0.0495505
   0.1022151      0.0472143
   0.0870136      0.0441051
   0.0760844      0.0412965
   0.0650737      0.0382411
   0.0532537      0.0346069
   0.0418485      0.0304862
   0.0317439      0.0263070
   0.0227802      0.0220936
   0.0142608      0.0171866
   0.0075866      0.0123728
   0.0019487      0.0060474
   0.0006212     -0.0026267
   0.0075522     -0.0077190
   0.0156035     -0.0098432
   0.0264621     -0.0118248
   0.0363697     -0.0131846
   0.0483221     -0.0146126
   0.0609179     -0.0159599
   0.0729475     -0.0171863
   0.0839356     -0.0183618
   0.0996034     -0.0199616
   0.1125504     -0.0211846
   0.1287024     -0.0226678
   0.1469709     -0.0243256
   0.1657086     -0.0260234
   0.1847821     -0.0277439
   0.2050438     -0.0295445
   0.2272753     -0.0314264
   0.2514767     -0.0331960
   0.2776009     -0.0346896
   0.3059148     -0.0362475
   0.3368304     -0.0381162
   0.3706774     -0.0395801
   0.4079627     -0.0403024
   0.4490989     -0.0404069
   0.4946140     -0.0394841
   0.5413114     -0.0375255
   0.5772483     -0.0355533
   0.6153794     -0.0326908
   0.6485925     -0.0299863
   0.6819365     -0.0272134
   0.7122228     -0.0246737
   0.7387787     -0.0224361
   0.7625596     -0.0204179
   0.7843173     -0.0185548
   0.8045860     -0.0168018
   0.8236644     -0.0151391
   0.8416230     -0.0135731
   0.8585154     -0.0121087
   0.8743994     -0.0107468
   0.8893349     -0.0094857
   0.9033835     -0.0083220
   0.9166139     -0.0072483
   0.9290914     -0.0062533
   0.9408812     -0.0053265
   0.9520410     -0.0044594
   0.9626218     -0.0036445
   0.9726694     -0.0028759
   0.9822245     -0.0021485
   0.9913237     -0.0014577
   1.0000000     -0.0008000
