AOPT
1.00000000 0.00000000
0.99626577 0.00243128
0.99108905 0.00306629
0.98599635 0.00439864
0.98039192 0.00567325
0.97398898 0.00697062
0.96671745 0.00853002
0.95845550 0.01031334
0.94900005 0.01228812
0.93827085 0.01449663
0.92643652 0.01690624
0.91369919 0.01945093
0.90022753 0.02209014
0.88624473 0.02477734
0.87194229 0.02747031
0.85743062 0.03014490
0.84278192 0.03278618
0.82804521 0.03538486
0.81325382 0.03793523
0.79842816 0.04043331
0.78357930 0.04287667
0.76871258 0.04526431
0.75383274 0.04759552
0.73894414 0.04986945
0.72404967 0.05208532
0.70915076 0.05424260
0.69424900 0.05634075
0.67934686 0.05837906
0.66444684 0.06035649
0.64955047 0.06227207
0.63465847 0.06412493
0.61977180 0.06591420
0.60489201 0.06763891
0.59002102 0.06929788
0.57516088 0.07088989
0.56031373 0.07241356
0.54548201 0.07386726
0.53066844 0.07524931
0.51587541 0.07655797
0.50110360 0.07779154
0.48635211 0.07894849
0.47162307 0.08002710
0.45692614 0.08102520
0.44227537 0.08193985
0.42767391 0.08276784
0.41310738 0.08350703
0.39856478 0.08415774
0.38408335 0.08472035
0.36975051 0.08519052
0.35563743 0.08554857
0.34174023 0.08577474
0.32799895 0.08585712
0.31435843 0.08579354
0.30079508 0.08558163
0.28730905 0.08521913
0.27390573 0.08470447
0.26058976 0.08403618
0.24736672 0.08321221
0.23424514 0.08223064
0.22123659 0.08108996
0.20835608 0.07978869
0.19562147 0.07832639
0.18305433 0.07670316
0.17068178 0.07492041
0.15853588 0.07298181
0.14665744 0.07089305
0.13509558 0.06866436
0.12390712 0.06630928
0.11315709 0.06384686
0.10291029 0.06130109
0.09323238 0.05869957
0.08417768 0.05607428
0.07578294 0.05345482
0.06806453 0.05086925
0.06101274 0.04834005
0.05460310 0.04588191
0.04879729 0.04350642
0.04354654 0.04121846
0.03879933 0.03901528
0.03450164 0.03689270
0.03060143 0.03484521
0.02705481 0.03286412
0.02382452 0.03094266
0.02087718 0.02907624
0.01818516 0.02726008
0.01573031 0.02548528
0.01349379 0.02374260
0.01145642 0.02202399
0.00960028 0.02032214
0.00790942 0.01862877
0.00637098 0.01693778
0.00497431 0.01524604
0.00371076 0.01355245
0.00259685 0.01185886
0.00167081 0.01016689
0.00096137 0.00847453
0.00049093 0.00677713
0.00024739 0.00507312
0.00014235 0.00337107
0.00008702 0.00167838
0.00000000 0.00000000
0.00052816 -0.00147348
0.00102989 -0.00296964
0.00156634 -0.00446640
0.00220320 -0.00593851
0.00301208 -0.00735699
0.00402279 -0.00871161
0.00522203 -0.01001111
0.00659116 -0.01126438
0.00810414 -0.01248007
0.00973261 -0.01366497
0.01147645 -0.01481930
0.01334444 -0.01594257
0.01534718 -0.01703571
0.01749816 -0.01810165
0.01981371 -0.01914394
0.02231146 -0.02016527
0.02501054 -0.02116910
0.02793041 -0.02216027
0.03109045 -0.02314379
0.03451768 -0.02411935
0.03824469 -0.02508557
0.04230906 -0.02604258
0.04675594 -0.02699178
0.05163931 -0.02793104
0.05701815 -0.02885735
0.06295309 -0.02976844
0.06950475 -0.03065780
0.07672791 -0.03151495
0.08466707 -0.03233047
0.09335363 -0.03309176
0.10279077 -0.03378558
0.11295426 -0.03440100
0.12379276 -0.03492699
0.13523710 -0.03535824
0.14721291 -0.03569203
0.15964193 -0.03593043
0.17245363 -0.03607768
0.18558542 -0.03614008
0.19898752 -0.03612540
0.21261888 -0.03604167
0.22644646 -0.03589765
0.24044361 -0.03570134
0.25458852 -0.03546114
0.26886300 -0.03518460
0.28325017 -0.03487936
0.29773351 -0.03455297
0.31229445 -0.03421299
0.32690912 -0.03386624
0.34153130 -0.03351749
0.35608310 -0.03317041
0.37049632 -0.03281389
0.38478044 -0.03242746
0.39901792 -0.03199571
0.41328969 -0.03152105
0.42762123 -0.03101025
0.44199139 -0.03046870
0.45638034 -0.02989839
0.47078868 -0.02930049
0.48522814 -0.02867678
0.49970396 -0.02802980
0.51421201 -0.02736231
0.52874565 -0.02667631
0.54330215 -0.02597346
0.55788232 -0.02525533
0.57248635 -0.02452367
0.58711180 -0.02378033
0.60175496 -0.02302676
0.61641378 -0.02226406
0.63108824 -0.02149325
0.64577836 -0.02071550
0.66048242 -0.01993210
0.67519751 -0.01914408
0.68992152 -0.01835213
0.70465375 -0.01755688
0.71939347 -0.01675898
0.73413867 -0.01595914
0.74888640 -0.01515792
0.76363404 -0.01435561
0.77837919 -0.01355257
0.79311688 -0.01274930
0.80783815 -0.01194640
0.82253036 -0.01114419
0.83717696 -0.01034315
0.85174924 -0.00954482
0.86619750 -0.00875188
0.88044453 -0.00796818
0.89437963 -0.00719959
0.90783437 -0.00645582
0.92059490 -0.00574725
0.93245503 -0.00508254
0.94325416 -0.00447961
0.95288632 -0.00394968
0.96137272 -0.00346043
0.96884976 -0.00300568
0.97546485 -0.00266298
0.98131407 -0.00240545
0.98652015 -0.00199921
0.99137282 -0.00157000
0.99622001 -0.00180342
1.00000000 0.00000000
