AOPT_F_bluntTE
0.96868513 -0.12546222
0.96452937 -0.12080333
0.95938216 -0.11798703
0.95468476 -0.11450439
0.94942938 -0.11114026
0.94373320 -0.10743324
0.93749781 -0.10331170
0.93057779 -0.09877451
0.92282058 -0.09374983
0.91409263 -0.08811753
0.90425026 -0.08179854
0.89313675 -0.07472170
0.88062482 -0.06682054
0.86667177 -0.05808694
0.85136200 -0.04859937
0.83493921 -0.03853172
0.81780727 -0.02814737
0.80048791 -0.01776888
0.78353315 -0.00772470
0.76743091 0.00170907
0.75253458 0.01034586
0.73902806 0.01810199
0.72693972 0.02498336
0.71618994 0.03105486
0.70664286 0.03640930
0.69814523 0.04114528
0.69054901 0.04535497
0.68372184 0.04911911
0.67755010 0.05250606
0.67193833 0.05557260
0.66678869 0.05833650
0.66171293 0.06043062
0.65643819 0.06183349
0.65075611 0.06264869
0.64454209 0.06342148
0.63771468 0.06425814
0.63017155 0.06516728
0.62179158 0.06615844
0.61243430 0.06724156
0.60194292 0.06842600
0.59015405 0.06971868
0.57691835 0.07112111
0.56213413 0.07262539
0.54578878 0.07421025
0.52799165 0.07583993
0.50897677 0.07746710
0.48906638 0.07904030
0.46861520 0.08051230
0.44796486 0.08184525
0.42741226 0.08301024
0.40719059 0.08398950
0.38750917 0.08478256
0.36859630 0.08539389
0.35058027 0.08580019
0.33338976 0.08598102
0.31688395 0.08594199
0.30096410 0.08569842
0.28557203 0.08526315
0.27067739 0.08464859
0.25626920 0.08386691
0.24234728 0.08292976
0.22891713 0.08184953
0.21598724 0.08063902
0.20356590 0.07931139
0.19166022 0.07788043
0.18027449 0.07635955
0.16940900 0.07476210
0.15906037 0.07310118
0.14922081 0.07138840
0.13987844 0.06963510
0.13101821 0.06785102
0.12262184 0.06604429
0.11466852 0.06422195
0.10713611 0.06239012
0.10000169 0.06055273
0.09324153 0.05871299
0.08683228 0.05687381
0.08075151 0.05503617
0.07497730 0.05320025
0.06948865 0.05136602
0.06426588 0.04953329
0.05929100 0.04769994
0.05454688 0.04586333
0.05001737 0.04402143
0.04568785 0.04217161
0.04154559 0.04030880
0.03757858 0.03842725
0.03377528 0.03652215
0.03012573 0.03458768
0.02662218 0.03261455
0.02325733 0.03059306
0.02002422 0.02851402
0.01692030 0.02636202
0.01394993 0.02410945
0.01111863 0.02172502
0.00843515 0.01917206
0.00591500 0.01640349
0.00357763 0.01336232
0.00154606 0.00990483
0.00031148 0.00566662
0.00000000 0.00000000
0.00234850 -0.00622514
0.00563324 -0.01040795
0.00950985 -0.01350943
0.01359707 -0.01608664
0.01787041 -0.01827649
0.02232753 -0.02017216
0.02697461 -0.02184626
0.03182072 -0.02336051
0.03688414 -0.02474513
0.04218952 -0.02601794
0.04776362 -0.02719685
0.05363793 -0.02829112
0.05984829 -0.02930973
0.06643412 -0.03026073
0.07344045 -0.03114636
0.08091858 -0.03196890
0.08892553 -0.03272949
0.09752562 -0.03342620
0.10679041 -0.03405726
0.11679750 -0.03461891
0.12763137 -0.03510527
0.13938005 -0.03551066
0.15213284 -0.03582754
0.16597431 -0.03604921
0.18097824 -0.03616844
0.19720016 -0.03618010
0.21466900 -0.03608142
0.23337856 -0.03587425
0.25327978 -0.03556509
0.27427066 -0.03516660
0.29618258 -0.03469827
0.31875123 -0.03418724
0.34159113 -0.03366192
0.36425041 -0.03313711
0.38640485 -0.03256723
0.40803140 -0.03190837
0.42909984 -0.03118599
0.44940670 -0.03043069
0.46868412 -0.02966400
0.48667662 -0.02890904
0.50318876 -0.02818763
0.51812690 -0.02751474
0.53150852 -0.02689720
0.54343572 -0.02633609
0.55405674 -0.02582875
0.56353400 -0.02537051
0.57202400 -0.02495602
0.57966750 -0.02457994
0.58658626 -0.02423731
0.59288348 -0.02392375
0.59864565 -0.02363547
0.60394498 -0.02336926
0.60884174 -0.02312237
0.61338638 -0.02289251
0.61762130 -0.02267771
0.62158227 -0.02247630
0.62529968 -0.02228685
0.62879945 -0.02210814
0.63210382 -0.02193911
0.63523198 -0.02177883
0.63820059 -0.02162651
0.64102411 -0.02148214
0.64369159 -0.02174819
0.64636833 -0.02263836
0.64918268 -0.02357415
0.65214844 -0.02456014
0.65528148 -0.02560158
0.65860010 -0.02670453
0.66212554 -0.02787603
0.66588259 -0.02912429
0.66990035 -0.03045895
0.67421314 -0.03189138
0.67886173 -0.03343510
0.68389477 -0.03510621
0.68937053 -0.03692404
0.69535908 -0.03891181
0.70194464 -0.04109747
0.70922804 -0.04351445
0.71732861 -0.04620235
0.72638417 -0.04920685
0.73654656 -0.05257829
0.74796820 -0.05636722
0.76077378 -0.06061504
0.77501242 -0.06533823
0.79059563 -0.07050734
0.80724552 -0.07602944
0.82449085 -0.08174770
0.84173506 -0.08746415
0.85838345 -0.09298093
0.87396841 -0.09814315
0.88821448 -0.10285954
0.90104025 -0.10709866
0.91249533 -0.11088514
0.92270384 -0.11426989
0.93183770 -0.11726703
0.94006089 -0.11995513
0.94749986 -0.12249343
0.95438375 -0.12468093
0.96091062 -0.12700535
0.96777461 -0.12779051
