AOPT_bluntTE
1.00000000 0.00125000
0.99626577 0.00367197
0.99108905 0.00429411
0.98599635 0.00561388
0.98039192 0.00687471
0.97398898 0.00815644
0.96671745 0.00969820
0.95845550 0.01146163
0.94900005 0.01341387
0.93827085 0.01559707
0.92643652 0.01797910
0.91369919 0.02049449
0.90022753 0.02310316
0.88624473 0.02575913
0.87194229 0.02842066
0.85743062 0.03106389
0.84278192 0.03367403
0.82804521 0.03624194
0.81325382 0.03876196
0.79842816 0.04123017
0.78357930 0.04364417
0.76871258 0.04600296
0.75383274 0.04830585
0.73894414 0.05055200
0.72404967 0.05274063
0.70915076 0.05487122
0.69424900 0.05694323
0.67934686 0.05895595
0.66444684 0.06090835
0.64955047 0.06279947
0.63465847 0.06462842
0.61977180 0.06639435
0.60489201 0.06809628
0.59002102 0.06973303
0.57516088 0.07130340
0.56031373 0.07280600
0.54548201 0.07423919
0.53066844 0.07560132
0.51587541 0.07689062
0.50110360 0.07810542
0.48635211 0.07924416
0.47162307 0.08030514
0.45692614 0.08128618
0.44227537 0.08218436
0.42767391 0.08299647
0.41310738 0.08372035
0.39856478 0.08435631
0.38408335 0.08490475
0.36975051 0.08536142
0.35563743 0.08570667
0.34174023 0.08592072
0.32799895 0.08599160
0.31435843 0.08591707
0.30079508 0.08569472
0.28730905 0.08532232
0.27390573 0.08479825
0.26058976 0.08412106
0.24736672 0.08328869
0.23424514 0.08229923
0.22123659 0.08115115
0.20835608 0.07984295
0.19562147 0.07837422
0.18305433 0.07674504
0.17068178 0.07495682
0.15853588 0.07301323
0.14665744 0.07091994
0.13509558 0.06868717
0.12390712 0.06632847
0.11315709 0.06386287
0.10291029 0.06131433
0.09323238 0.05871043
0.08417768 0.05608313
0.07578294 0.05346200
0.06806453 0.05087504
0.06101274 0.04834470
0.05460310 0.04588563
0.04879729 0.04350940
0.04354654 0.04122083
0.03879933 0.03901716
0.03450164 0.03689419
0.03060143 0.03484638
0.02705481 0.03286504
0.02382452 0.03094337
0.02087718 0.02907678
0.01818516 0.02726050
0.01573031 0.02548559
0.01349379 0.02374283
0.01145642 0.02202415
0.00960028 0.02032226
0.00790942 0.01862884
0.00637098 0.01693783
0.00497431 0.01524607
0.00371076 0.01355246
0.00259685 0.01185886
0.00167081 0.01016690
0.00096137 0.00847453
0.00049093 0.00677713
0.00024739 0.00507312
0.00014235 0.00337107
0.00008702 0.00167838
0.00000000 0.00000000
0.00052816 -0.00147348
0.00102989 -0.00296964
0.00156634 -0.00446640
0.00220320 -0.00593852
0.00301208 -0.00735700
0.00402279 -0.00871163
0.00522203 -0.01001114
0.00659116 -0.01126444
0.00810414 -0.01248016
0.00973261 -0.01366509
0.01147645 -0.01481947
0.01334444 -0.01594279
0.01534718 -0.01703600
0.01749816 -0.01810203
0.01981371 -0.01914443
0.02231146 -0.02016589
0.02501054 -0.02116989
0.02793041 -0.02216125
0.03109045 -0.02314500
0.03451768 -0.02412084
0.03824469 -0.02508740
0.04230906 -0.02604482
0.04675594 -0.02699452
0.05163931 -0.02793438
0.05701815 -0.02886141
0.06295309 -0.02977340
0.06950475 -0.03066384
0.07672791 -0.03152231
0.08466707 -0.03233943
0.09335363 -0.03310266
0.10279077 -0.03379879
0.11295426 -0.03441695
0.12379276 -0.03494615
0.13523710 -0.03538110
0.14721291 -0.03571912
0.15964193 -0.03596229
0.17245363 -0.03611486
0.18558542 -0.03618313
0.19898752 -0.03617490
0.21261888 -0.03609817
0.22644646 -0.03596175
0.24044361 -0.03577361
0.25458852 -0.03554216
0.26886300 -0.03527496
0.28325017 -0.03497965
0.29773351 -0.03466378
0.31229445 -0.03433490
0.32690912 -0.03399982
0.34153130 -0.03366329
0.35608310 -0.03332891
0.37049632 -0.03298548
0.38478044 -0.03261253
0.39901792 -0.03219473
0.41328969 -0.03173456
0.42762123 -0.03123882
0.44199139 -0.03071290
0.45638034 -0.03015874
0.47078868 -0.02957755
0.48522814 -0.02897109
0.49970396 -0.02834193
0.51421201 -0.02769283
0.52874565 -0.02702578
0.54330215 -0.02634243
0.55788232 -0.02564437
0.57248635 -0.02493335
0.58711180 -0.02421121
0.60175496 -0.02347940
0.61641378 -0.02273901
0.63108824 -0.02199109
0.64577836 -0.02123679
0.66048242 -0.02047740
0.67519751 -0.01971395
0.68992152 -0.01894712
0.70465375 -0.01817755
0.71939347 -0.01740588
0.73413867 -0.01663284
0.74888640 -0.01585895
0.76363404 -0.01508453
0.77837919 -0.01430991
0.79311688 -0.01353559
0.80783815 -0.01276216
0.82253036 -0.01198988
0.83717696 -0.01121923
0.85174924 -0.01045166
0.86619750 -0.00968975
0.88044453 -0.00893716
0.89437963 -0.00819949
0.90783437 -0.00748603
0.92059490 -0.00680662
0.93245503 -0.00616938
0.94325416 -0.00559177
0.95288632 -0.00508467
0.96137272 -0.00461573
0.96884976 -0.00417901
0.97546485 -0.00385239
0.98131407 -0.00360918
0.98652015 -0.00321574
0.99137282 -0.00279852
0.99622001 -0.00304399
1.00000000 -0.00125000
