B737D
1.00000000 0.00000000
0.99380813 0.00148099
0.98646295 0.00273163
0.97837005 0.00375741
0.96933472 0.00503298
0.95921073 0.00642609
0.94799554 0.00798689
0.93581838 0.00968758
0.92287387 0.01150930
0.90937096 0.01342635
0.89548763 0.01541860
0.88135080 0.01747030
0.86704588 0.01956833
0.85263071 0.02170271
0.83814190 0.02386653
0.82360314 0.02605435
0.80903431 0.02826145
0.79444395 0.03048496
0.77984821 0.03271527
0.76530110 0.03493262
0.75083100 0.03711968
0.73643772 0.03926594
0.72211870 0.04136233
0.70785081 0.04340337
0.69359326 0.04539205
0.67933214 0.04733428
0.66508470 0.04923080
0.65084991 0.05108296
0.63659416 0.05289728
0.62234843 0.05467712
0.60829601 0.05640515
0.59462081 0.05802334
0.58126488 0.05948226
0.56796107 0.06077030
0.55443138 0.06194117
0.54060790 0.06305184
0.52667130 0.06411964
0.51283220 0.06511090
0.49916748 0.06599861
0.48562814 0.06676910
0.47211121 0.06742823
0.45853229 0.06798467
0.44483079 0.06844417
0.43097737 0.06881775
0.41700311 0.06912318
0.40301504 0.06937752
0.38915687 0.06957167
0.37550314 0.06967565
0.36203982 0.06966418
0.34869094 0.06952252
0.33533815 0.06923712
0.32183428 0.06882359
0.30809566 0.06835909
0.29417369 0.06791522
0.28024706 0.06748280
0.26655879 0.06702634
0.25322043 0.06648056
0.24010387 0.06578756
0.22704678 0.06494278
0.21399687 0.06395885
0.20099436 0.06286131
0.18813260 0.06166188
0.17547815 0.06035037
0.16305197 0.05891038
0.15084991 0.05733632
0.13888745 0.05564472
0.12726095 0.05388003
0.11615238 0.05209191
0.10569575 0.05030428
0.09604370 0.04853177
0.08726845 0.04669480
0.07912821 0.04467991
0.07147787 0.04263463
0.06444372 0.04067896
0.05806527 0.03879900
0.05229323 0.03696276
0.04705569 0.03515421
0.04228604 0.03338833
0.03793388 0.03168116
0.03395832 0.03004278
0.03032303 0.02847870
0.02699539 0.02698218
0.02394564 0.02553189
0.02114396 0.02411124
0.01856647 0.02271368
0.01619497 0.02133992
0.01401155 0.01998962
0.01199687 0.01866044
0.01011992 0.01734399
0.00835370 0.01603399
0.00667924 0.01472818
0.00511219 0.01342086
0.00372103 0.01209496
0.00255758 0.01073328
0.00165735 0.00931986
0.00104384 0.00784058
0.00067310 0.00630434
0.00045692 0.00473511
0.00031870 0.00315174
0.00018912 0.00156919
0.00000000 0.00000000
0.00116274 -0.00090138
0.00232004 -0.00184984
0.00349843 -0.00281231
0.00472673 -0.00375159
0.00603777 -0.00462360
0.00747008 -0.00537462
0.00904992 -0.00597707
0.01077785 -0.00645581
0.01264881 -0.00684788
0.01465015 -0.00720385
0.01676093 -0.00758443
0.01898178 -0.00800472
0.02132781 -0.00845486
0.02382034 -0.00892022
0.02649135 -0.00938013
0.02938270 -0.00981970
0.03253440 -0.01024919
0.03598715 -0.01068915
0.03977717 -0.01116297
0.04394508 -0.01167357
0.04854297 -0.01221642
0.05364615 -0.01278897
0.05934557 -0.01339990
0.06572419 -0.01406413
0.07284611 -0.01481399
0.08078781 -0.01568526
0.08961637 -0.01664040
0.09932267 -0.01763838
0.10990531 -0.01866864
0.12132472 -0.01975235
0.13341188 -0.02088692
0.14600354 -0.02206178
0.15894260 -0.02326872
0.17208032 -0.02449243
0.18529844 -0.02571772
0.19850004 -0.02692974
0.21160315 -0.02811041
0.22454678 -0.02923204
0.23730993 -0.03026292
0.24995183 -0.03118181
0.26265233 -0.03198659
0.27555248 -0.03272646
0.28854603 -0.03345396
0.30142064 -0.03420204
0.31410779 -0.03499746
0.32665172 -0.03580542
0.33909944 -0.03655433
0.35148242 -0.03719498
0.36384082 -0.03772262
0.37624228 -0.03813782
0.38876673 -0.03845107
0.40144627 -0.03868285
0.41423492 -0.03885320
0.42702970 -0.03896470
0.43975703 -0.03900442
0.45240079 -0.03896047
0.46499288 -0.03882647
0.47758247 -0.03860405
0.49022268 -0.03829424
0.50297183 -0.03789718
0.51587556 -0.03742038
0.52892107 -0.03687879
0.54201745 -0.03629238
0.55500945 -0.03567423
0.56781304 -0.03500018
0.58050767 -0.03423319
0.59329495 -0.03335131
0.60634223 -0.03237450
0.61967977 -0.03133867
0.63319133 -0.03027823
0.64675999 -0.02920309
0.66035892 -0.02811464
0.67400802 -0.02701381
0.68770725 -0.02590424
0.70143396 -0.02478987
0.71516799 -0.02367255
0.72890084 -0.02255270
0.74262901 -0.02142940
0.75634996 -0.02030173
0.77006201 -0.01916891
0.78376449 -0.01802995
0.79745825 -0.01688392
0.81114594 -0.01573089
0.82482576 -0.01457382
0.83847453 -0.01341948
0.85206283 -0.01227483
0.86556571 -0.01114612
0.87895165 -0.01003981
0.89217712 -0.00896317
0.90518183 -0.00792415
0.91787991 -0.00692967
0.93014721 -0.00598534
0.94182291 -0.00509955
0.95274703 -0.00427999
0.96277852 -0.00353462
0.97185548 -0.00286652
0.98002051 -0.00224438
0.98740106 -0.00179876
0.99419657 -0.00101373
1.00000000 -0.00000000
