B737B
1.00000000 -0.00000000
0.99273272 0.00126533
0.98243715 0.00273602
0.97194932 0.00426427
0.96145283 0.00578624
0.95095496 0.00728348
0.94045364 0.00874535
0.92994737 0.01016603
0.91943539 0.01154380
0.90891751 0.01288037
0.89839401 0.01418014
0.88786552 0.01544930
0.87733290 0.01669494
0.86679711 0.01792400
0.85625907 0.01914250
0.84571955 0.02035546
0.83517940 0.02156684
0.82463972 0.02277965
0.81410079 0.02399615
0.80356268 0.02521782
0.79302536 0.02644549
0.78248878 0.02767946
0.77195286 0.02891954
0.76141751 0.03016530
0.75088263 0.03141613
0.74034815 0.03267134
0.72981397 0.03393023
0.71927999 0.03519201
0.70874610 0.03645586
0.69821219 0.03772092
0.68767824 0.03898622
0.67714437 0.04025076
0.66661047 0.04151349
0.65607644 0.04277331
0.64554214 0.04402904
0.63500744 0.04527947
0.62447221 0.04652332
0.61393630 0.04775922
0.60339956 0.04898578
0.59286185 0.05020151
0.58232301 0.05140487
0.57178289 0.05259424
0.56124133 0.05376795
0.55069817 0.05492424
0.54015327 0.05606130
0.52960646 0.05717725
0.51905760 0.05827013
0.50850656 0.05933797
0.49795318 0.06037871
0.48739735 0.06139027
0.47683897 0.06237055
0.46627792 0.06331745
0.45571414 0.06422883
0.44514757 0.06510262
0.43457816 0.06593676
0.42400590 0.06672929
0.41343080 0.06747832
0.40285290 0.06818212
0.39227226 0.06883913
0.38168896 0.06944803
0.37110310 0.07000776
0.36051484 0.07051757
0.34992434 0.07097696
0.33933179 0.07138567
0.32873740 0.07174365
0.31814138 0.07205102
0.30754398 0.07230797
0.29694544 0.07251473
0.28634605 0.07267142
0.27574608 0.07277794
0.26514586 0.07283379
0.25454579 0.07283782
0.24394631 0.07278802
0.23334799 0.07268110
0.22275148 0.07251234
0.21215757 0.07227550
0.20156721 0.07196280
0.19098157 0.07156494
0.18040210 0.07107114
0.16983057 0.07046935
0.15926914 0.06974648
0.14872035 0.06888891
0.13818710 0.06788321
0.12767254 0.06671727
0.11718036 0.06538055
0.10671556 0.06386193
0.09628581 0.06214508
0.08590431 0.06020069
0.07559560 0.05797331
0.06540735 0.05536015
0.05542845 0.05218057
0.04573628 0.04823880
0.03622686 0.04369883
0.02679169 0.03897346
0.01789487 0.03371554
0.01028075 0.02693127
0.00394867 0.01891177
0.00047495 0.01023883
0.00004522 0.00423421
0.00002290 0.00143846
0.00000000 0.00000000
0.00065146 -0.00118639
0.00170831 -0.00338801
0.00474342 -0.00800865
0.01195556 -0.01372258
0.02097825 -0.01827532
0.03056837 -0.02200440
0.04036292 -0.02535155
0.05025920 -0.02842371
0.06023448 -0.03123443
0.07028077 -0.03378665
0.08038999 -0.03609288
0.09055260 -0.03817302
0.10075931 -0.04004897
0.11100203 -0.04174182
0.12127405 -0.04327048
0.13156992 -0.04465115
0.14188530 -0.04589712
0.15221672 -0.04701884
0.16256149 -0.04802437
0.17291749 -0.04892015
0.18328299 -0.04971171
0.19365654 -0.05040412
0.20403690 -0.05100233
0.21442299 -0.05151136
0.22481387 -0.05193647
0.23520874 -0.05228320
0.24560693 -0.05255749
0.25600788 -0.05276566
0.26641111 -0.05291437
0.27681617 -0.05301030
0.28722263 -0.05305960
0.29763007 -0.05306749
0.30803809 -0.05303797
0.31844629 -0.05297360
0.32885426 -0.05287538
0.33926167 -0.05274286
0.34966824 -0.05257461
0.36007375 -0.05236868
0.37047801 -0.05212299
0.38088087 -0.05183559
0.39128221 -0.05150496
0.40168193 -0.05113014
0.41207997 -0.05071084
0.42247623 -0.05024738
0.43287067 -0.04974059
0.44326322 -0.04919167
0.45365386 -0.04860216
0.46404258 -0.04797383
0.47442939 -0.04730868
0.48481432 -0.04660880
0.49519743 -0.04587641
0.50557880 -0.04511379
0.51595850 -0.04432323
0.52633665 -0.04350702
0.53671336 -0.04266745
0.54708874 -0.04180673
0.55746294 -0.04092704
0.56783608 -0.04003047
0.57820829 -0.03911903
0.58857970 -0.03819463
0.59895043 -0.03725908
0.60932062 -0.03631406
0.61969038 -0.03536117
0.63005980 -0.03440185
0.64042899 -0.03343744
0.65079803 -0.03246916
0.66116700 -0.03149806
0.67153596 -0.03052512
0.68190496 -0.02955113
0.69227402 -0.02857679
0.70264306 -0.02760265
0.71301209 -0.02662914
0.72338116 -0.02565654
0.73375032 -0.02468501
0.74411958 -0.02371455
0.75448897 -0.02274507
0.76485848 -0.02177632
0.77522810 -0.02080795
0.78559768 -0.01983949
0.79596712 -0.01887046
0.80633640 -0.01790041
0.81670551 -0.01692902
0.82707449 -0.01595620
0.83744341 -0.01498213
0.84781238 -0.01400730
0.85818130 -0.01303265
0.86855006 -0.01205955
0.87891875 -0.01108983
0.88928749 -0.01012586
0.89965651 -0.00917035
0.91002611 -0.00822587
0.92039667 -0.00729412
0.93076850 -0.00637537
0.94114187 -0.00546787
0.95151682 -0.00456734
0.96189149 -0.00366666
0.97226287 -0.00275543
0.98262379 -0.00182048
0.99280268 -0.00087028
1.00000000 -0.00000000
