NACA 2312 Airfoil M=2.6% P=35.6% T=12.0%
  1.000102  0.001256
  0.998578  0.001596
  0.994014  0.002612
  0.986437  0.004283
  0.975890  0.006580
  0.962434  0.009462
  0.946146  0.012877
  0.927121  0.016768
  0.905470  0.021069
  0.881320  0.025711
  0.854814  0.030621
  0.826109  0.035722
  0.795378  0.040940
  0.762804  0.046197
  0.728584  0.051417
  0.692927  0.056524
  0.656049  0.061444
  0.618178  0.066102
  0.579546  0.070427
  0.540393  0.074350
  0.500962  0.077803
  0.461501  0.080723
  0.422257  0.083053
  0.383479  0.084742
  0.345233  0.085731
  0.307485  0.085705
  0.270954  0.084570
  0.235892  0.082363
  0.202540  0.079143
  0.171128  0.074988
  0.141868  0.069994
  0.114955  0.064273
  0.090564  0.057946
  0.068848  0.051140
  0.049940  0.043986
  0.033947  0.036609
  0.020958  0.029129
  0.011036  0.021651
  0.004224  0.014262
  0.000545  0.007030
  0.000000  0.000000
  0.002538 -0.006578
  0.008087 -0.012467
  0.016594 -0.017666
  0.027985 -0.022178
  0.042173 -0.026012
  0.059054 -0.029182
  0.078512 -0.031709
  0.100419 -0.033623
  0.124639 -0.034963
  0.151025 -0.035776
  0.179424 -0.036121
  0.209675 -0.036065
  0.241610 -0.035683
  0.275056 -0.035056
  0.309832 -0.034271
  0.345750 -0.033417
  0.383075 -0.032476
  0.421308 -0.031239
  0.460040 -0.029749
  0.499038 -0.028060
  0.538066 -0.026228
  0.576888 -0.024301
  0.615267 -0.022324
  0.652968 -0.020333
  0.689757 -0.018361
  0.725406 -0.016433
  0.759695 -0.014570
  0.792407 -0.012788
  0.823339 -0.011100
  0.852293 -0.009515
  0.879086 -0.008043
  0.903547 -0.006693
  0.925519 -0.005472
  0.944861 -0.004391
  0.961446 -0.003456
  0.975166 -0.002676
  0.985933 -0.002061
  0.993674 -0.001616
  0.998339 -0.001346
  0.999898 -0.001256