A0012_bluntTE
1.00000000 0.00125000
0.99340332 0.00218830
0.98486646 0.00339071
0.97528072 0.00472519
0.96466907 0.00618353
0.95313530 0.00774649
0.94084308 0.00938742
0.92797622 0.01107828
0.91470230 0.01279455
0.90115376 0.01451758
0.88742556 0.01623445
0.87358163 0.01793681
0.85966336 0.01961949
0.84569696 0.02127942
0.83169894 0.02291480
0.81767971 0.02452460
0.80364594 0.02610820
0.78960204 0.02766525
0.77555105 0.02919548
0.76149518 0.03069867
0.74743617 0.03217461
0.73337545 0.03362303
0.71931429 0.03504362
0.70525387 0.03643603
0.69119530 0.03779982
0.67713970 0.03913450
0.66308814 0.04043949
0.64904174 0.04171417
0.63500158 0.04295779
0.62096882 0.04416958
0.60694458 0.04534865
0.59293004 0.04649405
0.57892642 0.04760474
0.56493496 0.04867959
0.55095692 0.04971740
0.53699365 0.05071688
0.52304651 0.05167664
0.50911694 0.05259521
0.49520644 0.05347102
0.48131658 0.05430240
0.46744902 0.05508760
0.45360550 0.05582475
0.43978788 0.05651189
0.42599815 0.05714695
0.41223842 0.05772774
0.39851098 0.05825197
0.38481830 0.05871721
0.37116308 0.05912093
0.35754826 0.05946047
0.34397710 0.05973301
0.33045320 0.05993563
0.31698061 0.06006524
0.30356389 0.06011862
0.29020825 0.06009240
0.27691971 0.05998307
0.26370527 0.05978696
0.25057322 0.05950031
0.23753349 0.05911925
0.22459812 0.05863987
0.21178189 0.05805833
0.19910319 0.05737095
0.18658496 0.05657448
0.17425597 0.05566637
0.16215211 0.05464525
0.15031758 0.05351147
0.13880556 0.05226788
0.12767761 0.05092048
0.11700130 0.04947908
0.10684536 0.04795741
0.09727267 0.04637266
0.08833259 0.04474418
0.08005454 0.04309164
0.07244500 0.04143315
0.06548860 0.03978378
0.05915243 0.03815476
0.05339192 0.03655347
0.04815660 0.03498388
0.04339472 0.03344723
0.03905644 0.03194274
0.03509573 0.03046823
0.03147124 0.02902060
0.02814656 0.02759618
0.02509007 0.02619094
0.02227462 0.02480069
0.01967711 0.02342112
0.01727811 0.02204788
0.01506144 0.02067661
0.01301392 0.01930296
0.01112508 0.01792263
0.00938700 0.01653137
0.00779418 0.01512513
0.00634345 0.01370014
0.00503390 0.01225318
0.00386678 0.01078190
0.00284519 0.00928526
0.00197371 0.00776410
0.00125751 0.00622170
0.00070123 0.00466416
0.00030749 0.00310043
0.00007561 0.00154166
0.00000000 0.00000000
0.00007561 -0.00154166
0.00030749 -0.00310043
0.00070123 -0.00466416
0.00125751 -0.00622170
0.00197371 -0.00776410
0.00284519 -0.00928526
0.00386678 -0.01078190
0.00503390 -0.01225318
0.00634345 -0.01370014
0.00779418 -0.01512513
0.00938700 -0.01653137
0.01112508 -0.01792263
0.01301392 -0.01930296
0.01506144 -0.02067661
0.01727811 -0.02204788
0.01967711 -0.02342112
0.02227462 -0.02480069
0.02509007 -0.02619094
0.02814656 -0.02759618
0.03147124 -0.02902060
0.03509573 -0.03046823
0.03905644 -0.03194274
0.04339472 -0.03344723
0.04815660 -0.03498388
0.05339192 -0.03655347
0.05915243 -0.03815476
0.06548860 -0.03978378
0.07244500 -0.04143315
0.08005454 -0.04309164
0.08833259 -0.04474418
0.09727267 -0.04637266
0.10684536 -0.04795741
0.11700130 -0.04947908
0.12767761 -0.05092048
0.13880556 -0.05226788
0.15031758 -0.05351147
0.16215211 -0.05464525
0.17425597 -0.05566637
0.18658496 -0.05657448
0.19910319 -0.05737095
0.21178189 -0.05805833
0.22459812 -0.05863987
0.23753349 -0.05911925
0.25057322 -0.05950031
0.26370527 -0.05978696
0.27691971 -0.05998307
0.29020825 -0.06009240
0.30356389 -0.06011862
0.31698061 -0.06006524
0.33045320 -0.05993563
0.34397710 -0.05973301
0.35754826 -0.05946047
0.37116308 -0.05912093
0.38481830 -0.05871721
0.39851098 -0.05825197
0.41223842 -0.05772774
0.42599815 -0.05714695
0.43978788 -0.05651189
0.45360550 -0.05582475
0.46744902 -0.05508760
0.48131658 -0.05430240
0.49520644 -0.05347102
0.50911694 -0.05259521
0.52304651 -0.05167664
0.53699365 -0.05071688
0.55095692 -0.04971740
0.56493496 -0.04867959
0.57892642 -0.04760474
0.59293004 -0.04649405
0.60694458 -0.04534865
0.62096882 -0.04416958
0.63500158 -0.04295779
0.64904174 -0.04171417
0.66308814 -0.04043949
0.67713970 -0.03913450
0.69119530 -0.03779982
0.70525387 -0.03643603
0.71931429 -0.03504362
0.73337545 -0.03362303
0.74743617 -0.03217461
0.76149518 -0.03069867
0.77555105 -0.02919548
0.78960204 -0.02766525
0.80364594 -0.02610820
0.81767971 -0.02452460
0.83169894 -0.02291480
0.84569696 -0.02127942
0.85966336 -0.01961949
0.87358163 -0.01793681
0.88742556 -0.01623445
0.90115376 -0.01451758
0.91470230 -0.01279455
0.92797622 -0.01107828
0.94084308 -0.00938742
0.95313530 -0.00774649
0.96466907 -0.00618353
0.97528072 -0.00472519
0.98486646 -0.00339071
0.99340332 -0.00218830
1.00000000 -0.00125000
