A0012
1.00000000 -0.00000000
0.99340332 0.00095474
0.98486646 0.00217826
0.97528072 0.00353622
0.96466907 0.00502030
0.95313530 0.00661090
0.94084308 0.00828094
0.92797622 0.01000185
0.91470230 0.01174870
0.90115376 0.01350248
0.88742556 0.01525005
0.87358163 0.01698288
0.85966336 0.01869571
0.84569696 0.02038542
0.83169894 0.02205015
0.81767971 0.02368885
0.80364594 0.02530089
0.78960204 0.02688591
0.77555105 0.02844363
0.76149518 0.02997383
0.74743617 0.03147628
0.73337545 0.03295073
0.71931429 0.03439685
0.70525387 0.03581430
0.69119530 0.03720263
0.67713970 0.03856135
0.66308814 0.03988989
0.64904174 0.04118760
0.63500158 0.04245376
0.62096882 0.04368758
0.60694458 0.04488818
0.59293004 0.04605459
0.57892642 0.04718579
0.56493496 0.04828065
0.55095692 0.04933796
0.53699365 0.05035643
0.52304651 0.05133467
0.50911694 0.05227121
0.49520644 0.05316448
0.48131658 0.05401282
0.46744902 0.05481446
0.45360550 0.05556755
0.43978788 0.05627013
0.42599815 0.05692011
0.41223842 0.05751532
0.39851098 0.05805345
0.38481830 0.05853211
0.37116308 0.05894873
0.35754826 0.05930067
0.34397710 0.05958511
0.33045320 0.05979913
0.31698061 0.05993965
0.30356389 0.06000344
0.29020825 0.05998713
0.27691971 0.05988721
0.26370527 0.05970004
0.25057322 0.05942183
0.23753349 0.05904872
0.22459812 0.05857682
0.21178189 0.05800227
0.19910319 0.05732140
0.18658496 0.05653096
0.17425597 0.05562842
0.16215211 0.05461238
0.15031758 0.05348323
0.13880556 0.05224379
0.12767761 0.05090010
0.11700130 0.04946196
0.10684536 0.04794314
0.09727267 0.04636084
0.08833259 0.04473443
0.08005454 0.04308363
0.07244500 0.04142659
0.06548860 0.03977842
0.05915243 0.03815039
0.05339192 0.03654991
0.04815660 0.03498098
0.04339472 0.03344487
0.03905644 0.03194083
0.03509573 0.03046669
0.03147124 0.02901936
0.02814656 0.02759519
0.02509007 0.02619016
0.02227462 0.02480007
0.01967711 0.02342063
0.01727811 0.02204750
0.01506144 0.02067632
0.01301392 0.01930275
0.01112508 0.01792247
0.00938700 0.01653126
0.00779418 0.01512505
0.00634345 0.01370009
0.00503390 0.01225315
0.00386678 0.01078188
0.00284519 0.00928525
0.00197371 0.00776410
0.00125751 0.00622169
0.00070123 0.00466416
0.00030749 0.00310043
0.00007561 0.00154166
0.00000000 0.00000000
0.00007561 -0.00154166
0.00030749 -0.00310043
0.00070123 -0.00466416
0.00125751 -0.00622169
0.00197371 -0.00776410
0.00284519 -0.00928525
0.00386678 -0.01078188
0.00503390 -0.01225315
0.00634345 -0.01370009
0.00779418 -0.01512505
0.00938700 -0.01653126
0.01112508 -0.01792247
0.01301392 -0.01930275
0.01506144 -0.02067632
0.01727811 -0.02204750
0.01967711 -0.02342063
0.02227462 -0.02480007
0.02509007 -0.02619016
0.02814656 -0.02759519
0.03147124 -0.02901936
0.03509573 -0.03046669
0.03905644 -0.03194083
0.04339472 -0.03344487
0.04815660 -0.03498098
0.05339192 -0.03654991
0.05915243 -0.03815039
0.06548860 -0.03977842
0.07244500 -0.04142659
0.08005454 -0.04308363
0.08833259 -0.04473443
0.09727267 -0.04636084
0.10684536 -0.04794314
0.11700130 -0.04946196
0.12767761 -0.05090010
0.13880556 -0.05224379
0.15031758 -0.05348323
0.16215211 -0.05461238
0.17425597 -0.05562842
0.18658496 -0.05653096
0.19910319 -0.05732140
0.21178189 -0.05800227
0.22459812 -0.05857682
0.23753349 -0.05904872
0.25057322 -0.05942183
0.26370527 -0.05970004
0.27691971 -0.05988721
0.29020825 -0.05998713
0.30356389 -0.06000344
0.31698061 -0.05993965
0.33045320 -0.05979913
0.34397710 -0.05958511
0.35754826 -0.05930067
0.37116308 -0.05894873
0.38481830 -0.05853211
0.39851098 -0.05805345
0.41223842 -0.05751532
0.42599815 -0.05692011
0.43978788 -0.05627013
0.45360550 -0.05556755
0.46744902 -0.05481446
0.48131658 -0.05401282
0.49520644 -0.05316448
0.50911694 -0.05227121
0.52304651 -0.05133467
0.53699365 -0.05035643
0.55095692 -0.04933796
0.56493496 -0.04828065
0.57892642 -0.04718579
0.59293004 -0.04605459
0.60694458 -0.04488818
0.62096882 -0.04368758
0.63500158 -0.04245376
0.64904174 -0.04118760
0.66308814 -0.03988989
0.67713970 -0.03856135
0.69119530 -0.03720263
0.70525387 -0.03581430
0.71931429 -0.03439685
0.73337545 -0.03295073
0.74743617 -0.03147628
0.76149518 -0.02997383
0.77555105 -0.02844363
0.78960204 -0.02688591
0.80364594 -0.02530089
0.81767971 -0.02368885
0.83169894 -0.02205015
0.84569696 -0.02038542
0.85966336 -0.01869571
0.87358163 -0.01698288
0.88742556 -0.01525005
0.90115376 -0.01350248
0.91470230 -0.01174870
0.92797622 -0.01000185
0.94084308 -0.00828094
0.95313530 -0.00661090
0.96466907 -0.00502030
0.97528072 -0.00353622
0.98486646 -0.00217826
0.99340332 -0.00095474
1.00000000 0.00000000
