AOPT_F
0.96822987 -0.12662636
0.96408098 -0.12195578
0.95893694 -0.11912462
0.95424377 -0.11562850
0.94899196 -0.11224919
0.94329966 -0.10852571
0.93706864 -0.10438635
0.93015361 -0.09982979
0.92240238 -0.09478392
0.91368208 -0.08912864
0.90384977 -0.08278512
0.89274983 -0.07568249
0.88025635 -0.06775489
0.86632787 -0.05899503
0.85104925 -0.04948204
0.83466320 -0.03939001
0.81757070 -0.02898181
0.80028925 -0.01857894
0.78336661 -0.00850881
0.76728783 0.00095285
0.75240567 0.00961900
0.73890530 0.01740483
0.72681735 0.02431504
0.71606443 0.03041361
0.70651239 0.03579285
0.69800909 0.04055121
0.69040716 0.04478096
0.68357458 0.04856305
0.67739789 0.05196604
0.67178166 0.05504698
0.66662885 0.05782472
0.66154909 0.05992682
0.65626364 0.06132791
0.65056200 0.06214395
0.64432538 0.06292930
0.63747211 0.06377966
0.62989938 0.06470382
0.62148568 0.06571144
0.61209035 0.06681257
0.60155683 0.06801664
0.58972281 0.06933048
0.57644128 0.07075533
0.56161439 0.07228280
0.54523452 0.07389092
0.52741589 0.07554324
0.50839559 0.07719186
0.48849606 0.07878506
0.46806978 0.08027565
0.44745492 0.08162588
0.42694444 0.08280694
0.40676825 0.08380134
0.38713424 0.08460882
0.36826904 0.08523345
0.35029649 0.08565154
0.33314333 0.08584326
0.31666985 0.08581473
0.30077875 0.08558128
0.28541270 0.08515577
0.27054183 0.08455062
0.25615545 0.08377796
0.24225350 0.08284946
0.22884153 0.08177749
0.21592810 0.08057481
0.20352147 0.07925457
0.19162882 0.07783054
0.18025448 0.07631612
0.16939879 0.07472466
0.15905846 0.07306923
0.14922582 0.07136147
0.13988910 0.06961271
0.13103338 0.06783272
0.12264052 0.06602964
0.11468983 0.06421054
0.10715929 0.06238157
0.10002611 0.06054669
0.09326665 0.05870914
0.08685767 0.05687186
0.08077680 0.05503585
0.07500220 0.05320134
0.06951294 0.05136830
0.06428936 0.04953657
0.05931354 0.04770405
0.05456836 0.04586813
0.05003771 0.04402678
0.04570699 0.04217739
0.04156349 0.04031490
0.03759522 0.03843359
0.03379064 0.03652863
0.03013980 0.03459423
0.02663496 0.03262109
0.02326883 0.03059952
0.02003445 0.02852033
0.01692926 0.02636814
0.01395761 0.02411533
0.01112506 0.02173060
0.00844033 0.01917724
0.00591897 0.01640817
0.00358043 0.01336632
0.00154757 0.00990807
0.00031174 0.00566874
0.00000000 0.00000000
0.00236046 -0.00624801
0.00566802 -0.01044058
0.00956709 -0.01354951
0.01367783 -0.01613202
0.01797635 -0.01832524
0.02246037 -0.02022317
0.02713616 -0.02189919
0.03201300 -0.02341526
0.03710969 -0.02480096
0.04245122 -0.02607443
0.04806471 -0.02725354
0.05398216 -0.02834740
0.06023987 -0.02936525
0.06687776 -0.03031489
0.07394151 -0.03119836
0.08148301 -0.03201809
0.08955991 -0.03277490
0.09823720 -0.03346675
0.10758690 -0.03409186
0.11768699 -0.03464602
0.12862204 -0.03512344
0.14047963 -0.03551806
0.15334802 -0.03582241
0.16730976 -0.03602961
0.18243578 -0.03613252
0.19877773 -0.03612618
0.21635991 -0.03600814
0.23517082 -0.03578063
0.25515607 -0.03545074
0.27620826 -0.03503159
0.29815303 -0.03454331
0.32071955 -0.03401352
0.34351863 -0.03347022
0.36610080 -0.03292521
0.38816772 -0.03232901
0.40971228 -0.03164349
0.43069024 -0.03089697
0.45089068 -0.03011922
0.47004709 -0.02933189
0.48790859 -0.02855853
0.50428692 -0.02782091
0.51909642 -0.02713362
0.53236067 -0.02650317
0.54418479 -0.02593037
0.55471750 -0.02541232
0.56412014 -0.02494422
0.57254747 -0.02452059
0.58013835 -0.02413599
0.58701283 -0.02378539
0.59327258 -0.02346436
0.59900287 -0.02316906
0.60427489 -0.02289621
0.60914810 -0.02264307
0.61367231 -0.02240728
0.61788938 -0.02218686
0.62183467 -0.02198010
0.62553822 -0.02178556
0.62902567 -0.02160199
0.63231904 -0.02142830
0.63543734 -0.02126357
0.63839706 -0.02110698
0.64121262 -0.02095801
0.64387406 -0.02123662
0.64655039 -0.02212176
0.64936417 -0.02305220
0.65232915 -0.02403245
0.65546115 -0.02506774
0.65877842 -0.02616407
0.66230214 -0.02732839
0.66605700 -0.02856885
0.67007198 -0.02989499
0.67438127 -0.03131804
0.67902546 -0.03285138
0.68405294 -0.03451092
0.68952167 -0.03631576
0.69550131 -0.03828883
0.70207554 -0.04045769
0.70934452 -0.04285532
0.71742672 -0.04552075
0.72645899 -0.04849901
0.73659213 -0.05183968
0.74797786 -0.05559268
0.76074113 -0.05979909
0.77493320 -0.06447582
0.79047045 -0.06959509
0.80708292 -0.07506704
0.82430874 -0.08073885
0.84155859 -0.08641628
0.85823941 -0.09190348
0.87387914 -0.09704529
0.88819399 -0.10174863
0.90109379 -0.10597953
0.91262197 -0.10976009
0.92289794 -0.11314033
0.93209162 -0.11613404
0.94036816 -0.11881635
0.94785385 -0.12134902
0.95477672 -0.12353552
0.96134125 -0.12584624
0.96822987 -0.12662636
