B737C_bluntTE
1.00000000 0.00125000
0.99323833 0.00245467
0.98508167 0.00361829
0.97624812 0.00466892
0.96671629 0.00592467
0.95672851 0.00731207
0.94651841 0.00894692
0.93602661 0.01095393
0.92499585 0.01285315
0.91319209 0.01460138
0.90057745 0.01630179
0.88724038 0.01799288
0.87330084 0.01968471
0.85887283 0.02138450
0.84407209 0.02309258
0.82900688 0.02480657
0.81376156 0.02652265
0.79839616 0.02823781
0.78295249 0.02995002
0.76745965 0.03165807
0.75194263 0.03336081
0.73642303 0.03505659
0.72091509 0.03674461
0.70545031 0.03842422
0.69009533 0.04008799
0.67490777 0.04172203
0.65993992 0.04333256
0.64533021 0.04493267
0.63120404 0.04645836
0.61750645 0.04782994
0.60404401 0.04900842
0.59062981 0.05011428
0.57724797 0.05131398
0.56400686 0.05264773
0.55107331 0.05411458
0.53863511 0.05569857
0.52682479 0.05731157
0.51560033 0.05879953
0.50479038 0.06005629
0.49415728 0.06100112
0.48341478 0.06160936
0.47229848 0.06198004
0.46060164 0.06223117
0.44821585 0.06251027
0.43522132 0.06293519
0.42181492 0.06345128
0.40818120 0.06395872
0.39443877 0.06437018
0.38062042 0.06465863
0.36665955 0.06480974
0.35241679 0.06483174
0.33786187 0.06477051
0.32319442 0.06466927
0.30866379 0.06450954
0.29431967 0.06425615
0.28009301 0.06389108
0.26594148 0.06340464
0.25184971 0.06279313
0.23780047 0.06205713
0.22378323 0.06120683
0.20982578 0.06026043
0.19607409 0.05924631
0.18270812 0.05814500
0.16973928 0.05690607
0.15710782 0.05549930
0.14476485 0.05392761
0.13270988 0.05222547
0.12111050 0.05047542
0.11019758 0.04873893
0.10007394 0.04705672
0.09099612 0.04546731
0.08291966 0.04373271
0.07542140 0.04183723
0.06836275 0.04008488
0.06183690 0.03841860
0.05585628 0.03676226
0.05038690 0.03510853
0.04538420 0.03346194
0.04080290 0.03183595
0.03660144 0.03024233
0.03274226 0.02869537
0.02919310 0.02720779
0.02592573 0.02577909
0.02291499 0.02438949
0.02013685 0.02302317
0.01757765 0.02167270
0.01522607 0.02033351
0.01306725 0.01900043
0.01107640 0.01766850
0.00920886 0.01633625
0.00743053 0.01500685
0.00572109 0.01368568
0.00412943 0.01236345
0.00274891 0.01101524
0.00164401 0.00961763
0.00086088 0.00814862
0.00041462 0.00659449
0.00021106 0.00497830
0.00013966 0.00332730
0.00010183 0.00166228
0.00000000 0.00000000
0.00127118 -0.00075565
0.00256106 -0.00155404
0.00388847 -0.00237179
0.00527512 -0.00318092
0.00674671 -0.00394673
0.00833325 -0.00462741
0.01005129 -0.00521165
0.01190166 -0.00572258
0.01388011 -0.00619295
0.01597796 -0.00666028
0.01820036 -0.00713228
0.02056037 -0.00760437
0.02307520 -0.00807079
0.02576935 -0.00852449
0.02867546 -0.00896418
0.03182975 -0.00940125
0.03527074 -0.00985442
0.03903450 -0.01034496
0.04315907 -0.01087662
0.04768959 -0.01144673
0.05268606 -0.01205203
0.05822221 -0.01269270
0.06437892 -0.01336862
0.07123626 -0.01408579
0.07885120 -0.01486087
0.08724951 -0.01574239
0.09646792 -0.01674070
0.10652844 -0.01778440
0.11738722 -0.01886646
0.12893858 -0.01998991
0.14103387 -0.02114520
0.15351107 -0.02231730
0.16622554 -0.02348701
0.17906854 -0.02463333
0.19198557 -0.02573682
0.20497112 -0.02678965
0.21804104 -0.02779523
0.23120081 -0.02876891
0.24441506 -0.02972265
0.25757184 -0.03065763
0.27055492 -0.03154162
0.28339170 -0.03233717
0.29619555 -0.03304679
0.30905381 -0.03368620
0.32199847 -0.03427019
0.33495083 -0.03481241
0.34771952 -0.03531202
0.36018349 -0.03572495
0.37243117 -0.03600756
0.38469353 -0.03614575
0.39715715 -0.03617031
0.40985470 -0.03611567
0.42266081 -0.03600250
0.43545165 -0.03582335
0.44820647 -0.03556798
0.46100477 -0.03522833
0.47395198 -0.03481394
0.48709618 -0.03434115
0.50040780 -0.03382990
0.51379376 -0.03329155
0.52718293 -0.03272451
0.54056081 -0.03212460
0.55396684 -0.03148752
0.56745156 -0.03081792
0.58103045 -0.03012476
0.59468274 -0.02941685
0.60837891 -0.02870029
0.62209542 -0.02798067
0.63581356 -0.02726200
0.64950856 -0.02654600
0.66314425 -0.02583476
0.67667687 -0.02513257
0.69006530 -0.02444556
0.70327244 -0.02377840
0.71622255 -0.02313023
0.72876099 -0.02250625
0.74073025 -0.02196740
0.75207897 -0.02152218
0.76303228 -0.02091494
0.77409810 -0.02002664
0.78567510 -0.01899193
0.79782968 -0.01796463
0.81042243 -0.01691311
0.82336695 -0.01582144
0.83656490 -0.01471458
0.84991101 -0.01359717
0.86331836 -0.01247648
0.87671365 -0.01136003
0.89002032 -0.01025435
0.90314941 -0.00916758
0.91599246 -0.00810967
0.92841651 -0.00709297
0.94027320 -0.00613138
0.95142999 -0.00524024
0.96178204 -0.00442764
0.97122017 -0.00370026
0.97972505 -0.00308487
0.98736789 -0.00252330
0.99428900 -0.00214947
1.00000000 -0.00125000
