B737D_bluntTE
1.00000000 0.00125000
0.99380813 0.00271556
0.98646295 0.00394801
0.97837005 0.00495392
0.96933472 0.00620749
0.95921073 0.00757619
0.94799554 0.00911026
0.93581838 0.01078227
0.92287387 0.01257392
0.90937096 0.01446004
0.89548763 0.01642097
0.88135080 0.01844128
0.86704588 0.02050804
0.85263071 0.02261143
0.83814190 0.02474463
0.82360314 0.02690225
0.80903431 0.02907962
0.79444395 0.03127389
0.77984821 0.03347547
0.76530110 0.03566472
0.75083100 0.03782437
0.73643772 0.03994386
0.72211870 0.04201415
0.70785081 0.04402969
0.69359326 0.04599339
0.67933214 0.04791114
0.66508470 0.04978373
0.65084991 0.05161247
0.63659416 0.05340385
0.62234843 0.05516127
0.60829601 0.05686768
0.59462081 0.05846531
0.58126488 0.05990460
0.56796107 0.06117353
0.55443138 0.06232541
0.54060790 0.06341716
0.52667130 0.06446637
0.51283220 0.06543965
0.49916748 0.06631007
0.48562814 0.06706389
0.47211121 0.06770684
0.45853229 0.06824749
0.44483079 0.06869151
0.43097737 0.06904993
0.41700311 0.06934054
0.40301504 0.06958055
0.38915687 0.06976098
0.37550314 0.06985191
0.36203982 0.06982802
0.34869094 0.06967450
0.33533815 0.06937768
0.32183428 0.06895306
0.30809566 0.06847775
0.29417369 0.06802339
0.28024706 0.06758097
0.26655879 0.06711516
0.25322043 0.06656071
0.24010387 0.06585962
0.22704678 0.06500722
0.21399687 0.06401609
0.20099436 0.06291181
0.18813260 0.06170612
0.17547815 0.06038886
0.16305197 0.05894361
0.15084991 0.05736476
0.13888745 0.05566883
0.12726095 0.05390028
0.11615238 0.05210878
0.10569575 0.05031824
0.09604370 0.04854330
0.08726845 0.04670432
0.07912821 0.04468774
0.07147787 0.04264102
0.06444372 0.04068415
0.05806527 0.03880322
0.05229323 0.03696618
0.04705569 0.03515698
0.04228604 0.03339056
0.03793388 0.03168296
0.03395832 0.03004422
0.03032303 0.02847985
0.02699539 0.02698309
0.02394564 0.02553261
0.02114396 0.02411180
0.01856647 0.02271411
0.01619497 0.02134025
0.01401155 0.01998986
0.01199687 0.01866062
0.01011992 0.01734411
0.00835370 0.01603408
0.00667924 0.01472823
0.00511219 0.01342089
0.00372103 0.01209498
0.00255758 0.01073329
0.00165735 0.00931986
0.00104384 0.00784058
0.00067310 0.00630434
0.00045692 0.00473511
0.00031870 0.00315174
0.00018912 0.00156919
0.00000000 0.00000000
0.00116274 -0.00090138
0.00232004 -0.00184985
0.00349843 -0.00281232
0.00472673 -0.00375162
0.00603777 -0.00462364
0.00747008 -0.00537469
0.00904992 -0.00597717
0.01077785 -0.00645595
0.01264881 -0.00684808
0.01465015 -0.00720412
0.01676093 -0.00758478
0.01898178 -0.00800517
0.02132781 -0.00845543
0.02382034 -0.00892093
0.02649135 -0.00938101
0.02938270 -0.00982078
0.03253440 -0.01025051
0.03598715 -0.01069077
0.03977717 -0.01116495
0.04394508 -0.01167598
0.04854297 -0.01221937
0.05364615 -0.01279256
0.05934557 -0.01340431
0.06572419 -0.01406953
0.07284611 -0.01482063
0.08078781 -0.01569342
0.08961637 -0.01665044
0.09932267 -0.01765071
0.10990531 -0.01868374
0.12132472 -0.01977075
0.13341188 -0.02090917
0.14600354 -0.02208843
0.15894260 -0.02330029
0.17208032 -0.02452945
0.18529844 -0.02576064
0.19850004 -0.02697900
0.21160315 -0.02816638
0.22454678 -0.02929506
0.23730993 -0.03033331
0.24995183 -0.03125990
0.26265233 -0.03207283
0.27555248 -0.03282138
0.28854603 -0.03355803
0.30142064 -0.03431561
0.31410779 -0.03512079
0.32665172 -0.03593880
0.33909944 -0.03669806
0.35148242 -0.03734941
0.36384082 -0.03788809
0.37624228 -0.03831477
0.38876673 -0.03863999
0.40144627 -0.03888430
0.41423492 -0.03906769
0.42702970 -0.03919265
0.43975703 -0.03924616
0.45240079 -0.03921630
0.46499288 -0.03909674
0.47758247 -0.03888916
0.49022268 -0.03859464
0.50297183 -0.03821341
0.51587556 -0.03775304
0.52892107 -0.03722849
0.54201745 -0.03665961
0.55500945 -0.03605928
0.56781304 -0.03540319
0.58050767 -0.03465443
0.59329495 -0.03379131
0.60634223 -0.03283406
0.61967977 -0.03181867
0.63319133 -0.03077940
0.64675999 -0.02972596
0.66035892 -0.02865973
0.67400802 -0.02758167
0.68770725 -0.02649542
0.70143396 -0.02540488
0.71516799 -0.02431188
0.72890084 -0.02321682
0.74262901 -0.02211878
0.75634996 -0.02101681
0.77006201 -0.01991015
0.78376449 -0.01879781
0.79745825 -0.01767884
0.81114594 -0.01655334
0.82482576 -0.01542424
0.83847453 -0.01429828
0.85206283 -0.01318234
0.86556571 -0.01208262
0.87895165 -0.01100550
0.89217712 -0.00995815
0.90518183 -0.00894835
0.91787991 -0.00798280
0.93014721 -0.00706681
0.94182291 -0.00620834
0.95274703 -0.00541465
0.96277852 -0.00469329
0.97185548 -0.00404715
0.98002051 -0.00344493
0.98740106 -0.00301746
0.99419657 -0.00224926
1.00000000 -0.00125000
