B737A
1.00000000 0.00000000
0.99208177 0.00128340
0.98244369 0.00262726
0.97203896 0.00395917
0.96080969 0.00542452
0.94875972 0.00696432
0.93600623 0.00856087
0.92269200 0.01016093
0.90895082 0.01167667
0.89471567 0.01299153
0.87984999 0.01430946
0.86437229 0.01587147
0.84809331 0.01768191
0.83096510 0.01970476
0.81300546 0.02190142
0.79429603 0.02423656
0.77496264 0.02668115
0.75514090 0.02921061
0.73495977 0.03180369
0.71453566 0.03444170
0.69397599 0.03710812
0.67338591 0.03978623
0.65285663 0.04245820
0.63253220 0.04510424
0.61267177 0.04767296
0.59328231 0.05008874
0.57404913 0.05236470
0.55487834 0.05455324
0.53586495 0.05664702
0.51706429 0.05863376
0.49848721 0.06049913
0.48012149 0.06222852
0.46193045 0.06381356
0.44381842 0.06525522
0.42561920 0.06656229
0.40721806 0.06776933
0.38874071 0.06890603
0.37043922 0.06994864
0.35232386 0.07085461
0.33422625 0.07163559
0.31614112 0.07233128
0.29825772 0.07296373
0.28084080 0.07353795
0.26409644 0.07402745
0.24811834 0.07441427
0.23295368 0.07469623
0.21865051 0.07489427
0.20528557 0.07504210
0.19294414 0.07518539
0.18166457 0.07530108
0.17131134 0.07526072
0.16166926 0.07501800
0.15258983 0.07460378
0.14399216 0.07405720
0.13584999 0.07343390
0.12817300 0.07277841
0.12096431 0.07210377
0.11419839 0.07141230
0.10783857 0.07070402
0.10186511 0.06997920
0.09627456 0.06923409
0.09105841 0.06841771
0.08617326 0.06747190
0.08155792 0.06635135
0.07713989 0.06508353
0.07286493 0.06377492
0.06871975 0.06251302
0.06472629 0.06127978
0.06089912 0.06002126
0.05723750 0.05869354
0.05373139 0.05728410
0.05037095 0.05579540
0.04714892 0.05422985
0.04405883 0.05259151
0.04108946 0.05089465
0.03822956 0.04915621
0.03546992 0.04739172
0.03280167 0.04561627
0.03021095 0.04384862
0.02768574 0.04210882
0.02521801 0.04041592
0.02281810 0.03876864
0.02052072 0.03712939
0.01835220 0.03545904
0.01633037 0.03372076
0.01446017 0.03188976
0.01272036 0.02997915
0.01108992 0.02801071
0.00955256 0.02600743
0.00810248 0.02398571
0.00675068 0.02194338
0.00550814 0.01987450
0.00438388 0.01777201
0.00338672 0.01563183
0.00252738 0.01345843
0.00181690 0.01125673
0.00126649 0.00903085
0.00086670 0.00678551
0.00056228 0.00452756
0.00029324 0.00226364
0.00000000 0.00000000
0.00021006 -0.00227334
0.00039545 -0.00454640
0.00060816 -0.00681420
0.00090008 -0.00907264
0.00132186 -0.01131810
0.00189912 -0.01354123
0.00263822 -0.01572806
0.00354685 -0.01786461
0.00463502 -0.01993688
0.00590369 -0.02194061
0.00733682 -0.02388571
0.00891493 -0.02578176
0.01061660 -0.02763632
0.01243413 -0.02945068
0.01436951 -0.03122328
0.01642575 -0.03295306
0.01860673 -0.03464056
0.02091502 -0.03629177
0.02335195 -0.03791460
0.02591741 -0.03951765
0.02860935 -0.04111039
0.03142716 -0.04270377
0.03437042 -0.04431079
0.03743548 -0.04594650
0.04061653 -0.04762372
0.04390877 -0.04934742
0.04730569 -0.05112193
0.05079929 -0.05295092
0.05438709 -0.05482564
0.05806787 -0.05672640
0.06183567 -0.05862854
0.06568652 -0.06048174
0.06964124 -0.06219619
0.07375439 -0.06368297
0.07809924 -0.06490600
0.08271692 -0.06593604
0.08761686 -0.06686106
0.09279585 -0.06774311
0.09826033 -0.06862930
0.10402005 -0.06958400
0.11009522 -0.07064282
0.11651007 -0.07177510
0.12327439 -0.07293464
0.13037576 -0.07409419
0.13778454 -0.07523156
0.14546285 -0.07630327
0.15340179 -0.07723288
0.16165670 -0.07794395
0.17034191 -0.07840903
0.17962421 -0.07861537
0.18973720 -0.07859186
0.20088788 -0.07843946
0.21310831 -0.07823820
0.22634849 -0.07799259
0.24058124 -0.07770174
0.25566960 -0.07736134
0.27140958 -0.07692430
0.28781913 -0.07633802
0.30497693 -0.07563289
0.32273841 -0.07486199
0.34076043 -0.07407433
0.35869350 -0.07324856
0.37652506 -0.07229534
0.39448587 -0.07118533
0.41267939 -0.06994162
0.43104628 -0.06858744
0.44949451 -0.06714269
0.46793144 -0.06561670
0.48626240 -0.06400699
0.50439991 -0.06230935
0.52234215 -0.06050067
0.54025136 -0.05853905
0.55836791 -0.05640759
0.57676378 -0.05413744
0.59527052 -0.05177338
0.61375745 -0.04930411
0.63233503 -0.04669144
0.65119177 -0.04392037
0.67045041 -0.04105126
0.69007129 -0.03815787
0.70988216 -0.03525351
0.72970513 -0.03236693
0.74942767 -0.02952288
0.76893707 -0.02674151
0.78811970 -0.02404610
0.80687424 -0.02145995
0.82510981 -0.01900911
0.84276821 -0.01672191
0.85984134 -0.01461632
0.87632059 -0.01269985
0.89219261 -0.01097858
0.90744579 -0.00945160
0.92204907 -0.00810220
0.93591650 -0.00688293
0.94890656 -0.00570744
0.96099735 -0.00453363
0.97219648 -0.00337966
0.98254527 -0.00225844
0.99212863 -0.00117918
1.00000000 0.00000000
