B737B_bluntTE
1.00000000 0.00125000
0.99273272 0.00249723
0.98243715 0.00394250
0.97194932 0.00544513
0.96145283 0.00694173
0.95095496 0.00841388
0.94045364 0.00985092
0.92994737 0.01124703
0.91943539 0.01260050
0.90891751 0.01391304
0.89839401 0.01518903
0.88786552 0.01643468
0.87733290 0.01765708
0.86679711 0.01886317
0.85625907 0.02005898
0.84571955 0.02124951
0.83517940 0.02243874
0.82463972 0.02362969
0.81410079 0.02482460
0.80356268 0.02602496
0.79302536 0.02723161
0.78248878 0.02844482
0.77195286 0.02966443
0.76141751 0.03089000
0.75088263 0.03212091
0.74034815 0.03335648
0.72981397 0.03459601
0.71927999 0.03583871
0.70874610 0.03708377
0.69821219 0.03833029
0.68767824 0.03957735
0.67714437 0.04082392
0.66661047 0.04206896
0.65607644 0.04331135
0.64554214 0.04454995
0.63500744 0.04578352
0.62447221 0.04701077
0.61393630 0.04823037
0.60339956 0.04944090
0.59286185 0.05064087
0.58232301 0.05182874
0.57178289 0.05300291
0.56124133 0.05416169
0.55069817 0.05530333
0.54015327 0.05642601
0.52960646 0.05752785
0.51905760 0.05860691
0.50850656 0.05966119
0.49795318 0.06068865
0.48739735 0.06168721
0.47683897 0.06265477
0.46627792 0.06358922
0.45571414 0.06448843
0.44514757 0.06535031
0.43457816 0.06617283
0.42400590 0.06695401
0.41343080 0.06769197
0.40285290 0.06838498
0.39227226 0.06903148
0.38168896 0.06963014
0.37110310 0.07017991
0.36051484 0.07068004
0.34992434 0.07113002
0.33933179 0.07152960
0.32873740 0.07187873
0.31814138 0.07217753
0.30754398 0.07242620
0.29694544 0.07262495
0.28634605 0.07277391
0.27574608 0.07287299
0.26514586 0.07292166
0.25454579 0.07291881
0.24394631 0.07286240
0.23334799 0.07274916
0.22275148 0.07257436
0.21215757 0.07233176
0.20156721 0.07201359
0.19098157 0.07161053
0.18040210 0.07111182
0.16983057 0.07050540
0.15926914 0.06977819
0.14872035 0.06891656
0.13818710 0.06790708
0.12767254 0.06673765
0.11718036 0.06539772
0.10671556 0.06387616
0.09628581 0.06215667
0.08590431 0.06020992
0.07559560 0.05798046
0.06540735 0.05536550
0.05542845 0.05218441
0.04573628 0.04824141
0.03622686 0.04370047
0.02679169 0.03897436
0.01789487 0.03371594
0.01028075 0.02693140
0.00394867 0.01891179
0.00047495 0.01023883
0.00004522 0.00423421
0.00002290 0.00143846
0.00000000 0.00000000
0.00065146 -0.00118639
0.00170831 -0.00338802
0.00474342 -0.00800868
0.01195556 -0.01372276
0.02097825 -0.01827587
0.03056837 -0.02200557
0.04036292 -0.02535359
0.05025920 -0.02842687
0.06023448 -0.03123896
0.07028077 -0.03379283
0.08038999 -0.03610096
0.09055260 -0.03818327
0.10075931 -0.04006166
0.11100203 -0.04175722
0.12127405 -0.04328887
0.13156992 -0.04467279
0.14188530 -0.04592228
0.15221672 -0.04704781
0.16256149 -0.04805741
0.17291749 -0.04895753
0.18328299 -0.04975370
0.19365654 -0.05045100
0.20403690 -0.05105437
0.21442299 -0.05156883
0.22481387 -0.05199964
0.23520874 -0.05235236
0.24560693 -0.05263290
0.25600788 -0.05284759
0.26641111 -0.05300309
0.27681617 -0.05310609
0.28722263 -0.05316272
0.29763007 -0.05317822
0.30803809 -0.05315658
0.31844629 -0.05310036
0.32885426 -0.05301056
0.33926167 -0.05288673
0.34966824 -0.05272744
0.36007375 -0.05253075
0.37047801 -0.05229456
0.38088087 -0.05201693
0.39128221 -0.05169634
0.40168193 -0.05133182
0.41207997 -0.05092310
0.42247623 -0.05047049
0.43287067 -0.04997481
0.44326322 -0.04943727
0.45365386 -0.04885941
0.46404258 -0.04824300
0.47442939 -0.04759003
0.48481432 -0.04690260
0.49519743 -0.04618294
0.50557880 -0.04543330
0.51595850 -0.04465600
0.52633665 -0.04385331
0.53671336 -0.04302752
0.54708874 -0.04218086
0.55746294 -0.04131550
0.56783608 -0.04043352
0.57820829 -0.03953694
0.58857970 -0.03862767
0.59895043 -0.03770751
0.60932062 -0.03677815
0.61969038 -0.03584119
0.63005980 -0.03489807
0.64042899 -0.03395013
0.65079803 -0.03299858
0.66116700 -0.03204449
0.67153596 -0.03108882
0.68190496 -0.03013237
0.69227402 -0.02917584
0.70264306 -0.02821979
0.71301209 -0.02726463
0.72338116 -0.02631064
0.73375032 -0.02535799
0.74411958 -0.02440669
0.75448897 -0.02345663
0.76485848 -0.02250758
0.77522810 -0.02155917
0.78559768 -0.02061095
0.79596712 -0.01966242
0.80633640 -0.01871313
0.81670551 -0.01776278
0.82707449 -0.01681127
0.83744341 -0.01585876
0.84781238 -0.01490578
0.85818130 -0.01395324
0.86855006 -0.01300252
0.87891875 -0.01205545
0.88928749 -0.01111440
0.89965651 -0.01018208
0.91002611 -0.00926106
0.92039667 -0.00835304
0.93076850 -0.00745829
0.94114187 -0.00657505
0.95151682 -0.00569907
0.96189149 -0.00482321
0.97226287 -0.00393705
0.98262379 -0.00302742
0.99280268 -0.00210235
1.00000000 -0.00125000
