B737A_bluntTE
1.00000000 0.00125000
0.99208177 0.00251368
0.98244369 0.00383375
0.97203896 0.00514025
0.96080969 0.00657846
0.94875972 0.00808950
0.93600623 0.00965600
0.92269200 0.01122513
0.90895082 0.01270941
0.89471567 0.01399217
0.87984999 0.01527713
0.86437229 0.01680539
0.84809331 0.01858098
0.83096510 0.02056789
0.81300546 0.02272765
0.79429603 0.02502520
0.77496264 0.02743185
0.75514090 0.02992340
0.73495977 0.03247890
0.71453566 0.03507990
0.69397599 0.03771012
0.67338591 0.04035304
0.65285663 0.04299098
0.63253220 0.04560436
0.61267177 0.04814216
0.59328231 0.05052872
0.57404913 0.05277661
0.55487834 0.05493810
0.53586495 0.05700596
0.51706429 0.05896796
0.49848721 0.06080974
0.48012149 0.06251667
0.46193045 0.06408029
0.44381842 0.06550144
0.42561920 0.06678873
0.40721806 0.06797661
0.38874071 0.06909493
0.37043922 0.07012017
0.35232386 0.07100978
0.33422625 0.07177523
0.31614112 0.07245621
0.29825772 0.07307493
0.28084080 0.07363654
0.26409644 0.07411463
0.24811834 0.07449122
0.23295368 0.07476406
0.21865051 0.07495403
0.20528557 0.07509478
0.19294414 0.07523193
0.18166457 0.07534233
0.17131134 0.07529740
0.16166926 0.07505067
0.15258983 0.07463288
0.14399216 0.07408312
0.13584999 0.07345697
0.12817300 0.07279895
0.12096431 0.07212206
0.11419839 0.07142860
0.10783857 0.07071856
0.10186511 0.06999217
0.09627456 0.06924568
0.09105841 0.06842808
0.08617326 0.06748119
0.08155792 0.06635967
0.07713989 0.06509097
0.07286493 0.06378156
0.06871975 0.06251892
0.06472629 0.06128502
0.06089912 0.06002590
0.05723750 0.05869764
0.05373139 0.05728771
0.05037095 0.05579858
0.04714892 0.05423263
0.04405883 0.05259393
0.04108946 0.05089676
0.03822956 0.04915804
0.03546992 0.04739329
0.03280167 0.04561761
0.03021095 0.04384976
0.02768574 0.04210978
0.02521801 0.04041672
0.02281810 0.03876929
0.02052072 0.03712992
0.01835220 0.03545947
0.01633037 0.03372110
0.01446017 0.03189002
0.01272036 0.02997936
0.01108992 0.02801086
0.00955256 0.02600754
0.00810248 0.02398579
0.00675068 0.02194344
0.00550814 0.01987454
0.00438388 0.01777203
0.00338672 0.01563185
0.00252738 0.01345844
0.00181690 0.01125673
0.00126649 0.00903085
0.00086670 0.00678551
0.00056228 0.00452756
0.00029324 0.00226364
0.00000000 0.00000000
0.00021006 -0.00227334
0.00039545 -0.00454640
0.00060816 -0.00681420
0.00090008 -0.00907264
0.00132186 -0.01131811
0.00189912 -0.01354124
0.00263822 -0.01572806
0.00354685 -0.01786463
0.00463502 -0.01993691
0.00590369 -0.02194065
0.00733682 -0.02388578
0.00891493 -0.02578186
0.01061660 -0.02763646
0.01243413 -0.02945087
0.01436951 -0.03122354
0.01642575 -0.03295340
0.01860673 -0.03464100
0.02091502 -0.03629232
0.02335195 -0.03791529
0.02591741 -0.03951849
0.02860935 -0.04111141
0.03142716 -0.04270501
0.03437042 -0.04431226
0.03743548 -0.04594825
0.04061653 -0.04762578
0.04390877 -0.04934983
0.04730569 -0.05112472
0.05079929 -0.05295415
0.05438709 -0.05482934
0.05806787 -0.05673061
0.06183567 -0.05863332
0.06568652 -0.06048714
0.06964124 -0.06220225
0.07375439 -0.06368977
0.07809924 -0.06491363
0.08271692 -0.06594460
0.08761686 -0.06687066
0.09279585 -0.06775387
0.09826033 -0.06864137
0.10402005 -0.06959752
0.11009522 -0.07065798
0.11651007 -0.07179206
0.12327439 -0.07295364
0.13037576 -0.07411543
0.13778454 -0.07525529
0.14546285 -0.07632972
0.15340179 -0.07726229
0.16165670 -0.07797661
0.17034191 -0.07844530
0.17962421 -0.07865570
0.18973720 -0.07863686
0.20088788 -0.07848990
0.21310831 -0.07829497
0.22634849 -0.07805663
0.24058124 -0.07777409
0.25566960 -0.07744305
0.27140958 -0.07701637
0.28781913 -0.07644157
0.30497693 -0.07574916
0.32273841 -0.07499219
0.34076043 -0.07421948
0.35869350 -0.07340939
0.37652506 -0.07247256
0.39448587 -0.07137985
0.41267939 -0.07015450
0.43104628 -0.06881970
0.44949451 -0.06739525
0.46793144 -0.06589040
0.48626240 -0.06430255
0.50439991 -0.06262738
0.52234215 -0.06084172
0.54025136 -0.05890389
0.55836791 -0.05679731
0.57676378 -0.05455327
0.59527052 -0.05221631
0.61375745 -0.04977498
0.63233503 -0.04719125
0.65119177 -0.04445043
0.67045041 -0.04161314
0.69007129 -0.03875312
0.70988216 -0.03588343
0.72970513 -0.03303252
0.74942767 -0.03022493
0.76893707 -0.02748059
0.78811970 -0.02482251
0.80687424 -0.02227376
0.82510981 -0.01986011
0.84276821 -0.01760974
0.85984134 -0.01554048
0.87632059 -0.01365977
0.89219261 -0.01197359
0.90744579 -0.01048093
0.92204907 -0.00916491
0.93591650 -0.00797786
0.94890656 -0.00683297
0.96099735 -0.00568803
0.97219648 -0.00456111
0.98254527 -0.00346519
0.99212863 -0.00240958
1.00000000 -0.00125000
