B737C
1.00000000 0.00000000
0.99323833 0.00122151
0.98508167 0.00240531
0.97624812 0.00347759
0.96671629 0.00475649
0.95672851 0.00616791
0.94651841 0.00782705
0.93602661 0.00985875
0.92499585 0.01178363
0.91319209 0.01355898
0.90057745 0.01528799
0.88724038 0.01700888
0.87330084 0.01873140
0.85887283 0.02046243
0.84407209 0.02220201
0.82900688 0.02394751
0.81376156 0.02569489
0.79839616 0.02744102
0.78295249 0.02918375
0.76745965 0.03092183
0.75194263 0.03265404
0.73642303 0.03437869
0.72091509 0.03609496
0.70545031 0.03780215
0.69009533 0.03949270
0.67490777 0.04115265
0.65993992 0.04278816
0.64533021 0.04441210
0.63120404 0.04596034
0.61750645 0.04735330
0.60404401 0.04855233
0.59062981 0.04967822
0.57724797 0.05089746
0.56400686 0.05225010
0.55107331 0.05373498
0.53863511 0.05533591
0.52682479 0.05696464
0.51560033 0.05846722
0.50479038 0.05973778
0.49415728 0.06069588
0.48341478 0.06131725
0.47229848 0.06170120
0.46060164 0.06196597
0.44821585 0.06225915
0.43522132 0.06269842
0.42181492 0.06322887
0.40818120 0.06375046
0.39443877 0.06417570
0.38062042 0.06447754
0.36665955 0.06464169
0.35241679 0.06467649
0.33786187 0.06462782
0.32319442 0.06453870
0.30866379 0.06439045
0.29431967 0.06414787
0.28009301 0.06379302
0.26594148 0.06331623
0.25184971 0.06271384
0.23780047 0.06198644
0.22378323 0.06114423
0.20982578 0.06020539
0.19607409 0.05919825
0.18270812 0.05810327
0.16973928 0.05687006
0.15710782 0.05546844
0.14476485 0.05390141
0.13270988 0.05220345
0.12111050 0.05045708
0.11019758 0.04872375
0.10007394 0.04704420
0.09099612 0.04545696
0.08291966 0.04372411
0.07542140 0.04183012
0.06836275 0.04007904
0.06183690 0.03841382
0.05585628 0.03675836
0.05038690 0.03510536
0.04538420 0.03345937
0.04080290 0.03183387
0.03660144 0.03024065
0.03274226 0.02869403
0.02919310 0.02720672
0.02592573 0.02577825
0.02291499 0.02438884
0.02013685 0.02302266
0.01757765 0.02167231
0.01522607 0.02033322
0.01306725 0.01900021
0.01107640 0.01766835
0.00920886 0.01633614
0.00743053 0.01500678
0.00572109 0.01368564
0.00412943 0.01236343
0.00274891 0.01101524
0.00164401 0.00961762
0.00086088 0.00814862
0.00041462 0.00659449
0.00021106 0.00497830
0.00013966 0.00332730
0.00010183 0.00166228
0.00000000 0.00000000
0.00127118 -0.00075565
0.00256106 -0.00155403
0.00388847 -0.00237177
0.00527512 -0.00318088
0.00674671 -0.00394668
0.00833325 -0.00462733
0.01005129 -0.00521152
0.01190166 -0.00572240
0.01388011 -0.00619271
0.01597796 -0.00665996
0.01820036 -0.00713186
0.02056037 -0.00760385
0.02307520 -0.00807013
0.02576935 -0.00852366
0.02867546 -0.00896316
0.03182975 -0.00939998
0.03527074 -0.00985286
0.03903450 -0.01034305
0.04315907 -0.01087429
0.04768959 -0.01144389
0.05268606 -0.01204856
0.05822221 -0.01268846
0.06437892 -0.01336344
0.07123626 -0.01407945
0.07885120 -0.01485309
0.08724951 -0.01573288
0.09646792 -0.01672907
0.10652844 -0.01777022
0.11738722 -0.01884923
0.12893858 -0.01996913
0.14103387 -0.02112034
0.15351107 -0.02228784
0.16622554 -0.02345247
0.17906854 -0.02459325
0.19198557 -0.02569075
0.20497112 -0.02673713
0.21804104 -0.02773580
0.23120081 -0.02870209
0.24441506 -0.02964798
0.25757184 -0.03057471
0.27055492 -0.03145012
0.28339170 -0.03223679
0.29619555 -0.03293713
0.30905381 -0.03356681
0.32199847 -0.03414059
0.33495083 -0.03467217
0.34771952 -0.03516089
0.36018349 -0.03556279
0.37243117 -0.03583418
0.38469353 -0.03596076
0.39715715 -0.03597315
0.40985470 -0.03590570
0.42266081 -0.03577919
0.43545165 -0.03558633
0.44820647 -0.03531687
0.46100477 -0.03496267
0.47395198 -0.03453315
0.48709618 -0.03404458
0.50040780 -0.03351689
0.51379376 -0.03296157
0.52718293 -0.03237711
0.54056081 -0.03175935
0.55396684 -0.03110392
0.56745156 -0.03041542
0.58103045 -0.02970276
0.59468274 -0.02897479
0.60837891 -0.02823763
0.62209542 -0.02749692
0.63581356 -0.02675667
0.64950856 -0.02601867
0.66314425 -0.02528506
0.67667687 -0.02456020
0.69006530 -0.02385032
0.70327244 -0.02316016
0.71622255 -0.02248902
0.72876099 -0.02184238
0.74073025 -0.02128155
0.75207897 -0.02081515
0.76303228 -0.02018717
0.77409810 -0.01927761
0.78567510 -0.01822032
0.79782968 -0.01716896
0.81042243 -0.01609213
0.82336695 -0.01497402
0.83656490 -0.01383978
0.84991101 -0.01269424
0.86331836 -0.01154483
0.87671365 -0.01039925
0.89002032 -0.00926418
0.90314941 -0.00814798
0.91599246 -0.00706087
0.92841651 -0.00601552
0.94027320 -0.00502624
0.95142999 -0.00410872
0.96178204 -0.00327136
0.97122017 -0.00252117
0.97972505 -0.00188504
0.98736789 -0.00130468
0.99428900 -0.00091371
1.00000000 -0.00000000
